452480
----- output -----
00000001 00000001 00000005
00000002 00000001 00000000
00000001 00000005 00000000
00000003 00000001 00000005
00000001 00000000 00000001
00000002 00000000 00000005
00000001 00000001 00000005
00000004 00000001 00000000
00000001 00000005 00000000
00000002 00000005 00000001
00000001 00000000 00000001
00000003 00000005 00000000
00000001 00000001 00000005
00000002 00000001 00000000
00000001 00000005 00000000
00000005 00000001 00000005
00000001 00000000 00000001
00000002 00000000 00000005
00000001 00000001 00000005
00000003 00000000 00000001
00000001 00000005 00000000
00000002 00000005 00000001
00000001 00000000 00000001
00000004 00000000 00000005
00000001 00000001 00000005
00000002 00000001 00000000
00000001 00000005 00000000
00000003 00000001 00000005
00000001 00000000 00000001
00000002 00000000 00000005
00000001 00000001 00000005
